2.86
1.83
1.6
1.51
1.45
2.85
1.84
2.89
1.88
1.66
1.55
1.49
2.89
1.85
1.63
1.54
1.48
1.57
1.2
1.11
1.09
1.04
2.86
1.85
1.62
1.54
1.47
2.89
1.87
1.63
1.53
1.48
37.12
11.3
0.94
0.52
0.39
0.34
3.35
1.25
0.82
0.68
0.53
36.11
25.39
19.35
14.75
11.27
0
0.26
0.39
0.59
1.58
0.72
1.26
1.27
0.73
160.44
184.98
187.55
0.59
0.72
0.59
1.53
1.53
0.16
0.16
0.16
0.16
0.16
0.16
0.02
0.02
0.25
0.57
0.57
1.19
1.14
3.5
0.91
3.52
3.55
3.71
1.17
1.29
0.42
0.53
0.42
0.53
0.53
0.44
0.43
5183.87
0.39
0.39
0.25
5.47
1.81
1.83
1.84
1.11
1.81
1.82
1.84
1.87
55.26
1.92
0.9
0.39
0.11
0.04
55.24
1.91
0.91
0.39
0.11
0.04
96.22
2.09
0.9
0.39
0.11
0.04
1.88
0.9
0.39
0.11
0.04
55.11
1.94
0.9
0.39
0.11
0.04
1.6
0.9
0.39
0.11
0.04
2.23
0.92
0.38
0.11
0.04
3.2
0.93
0.39
0.11
0.04
3.21
0.93
0.38
0.11
3.2
3.2
0.93
0.38
0.11
3.2
0.93
0.38
0.11
3.2
3.2
0.94
0.38
0.11
3.19
0.93
0.38
0.11
3.2
0.93
0.38
0.11
3.19
0.93
0.38
0.11
3.22
0.94
0.38
0.11
3.2
0.93
0.38
0.11
3.2
0.93
0.39
0.11
3.22
0.93
0.38
0.11
3.21
0.93
0.38
0.11
3.19
0.93
0.38
0.11
2.22
0.91
0.39
0.11
1.88
0.9
0.39
0.11
1.6
0.9
0.39
0.11
1.52
0.9
0.39
0.12
2.02
0.74
0.15
0.02
1.69
0.74
0.15
0.02
1.47
0.73
0.15
0.02
1.42
0.73
0.15
0.02
0.48
0.22
0.07
0.44
0.22
0.07
0.42
0.22
0.07
0.41
0.22
0.07
0.48
0.22
0.07
0.02
0.44
0.22
0.07
0.02
0.42
0.22
0.07
0.02
0.41
0.22
0.07
0.02
0.44
0.16
0.02
0
0.41
0.16
0.02
0
0.39
0.16
0.02
0
0.39
0.16
0.02
0
6.16
1.39
0.74
0.3
4.51
1.34
0.74
0.3
2.97
1.3
0.75
0.3
2.44
1.28
0.75
0.31
7.01
1.37
0.45
0.1
4.58
1.25
0.43
0.09
2.7
1.19
0.44
0.1
2.21
1.18
0.45
0.1
10.9
1.67
0.88
0.39
7.5
1.53
0.86
0.4
4.26
1.49
0.87
0.39
3.2
1.41
0.87
0.39
